Goals(4,3,2,0,1) 
Terminals(29,28,27,26,21,20,22,23,24,25) 
NonTerminals(14,21,24,28,20,23,22,29,26,27,12,16,13,15,0,17,-1,11,1,18,10,19,2,3,4,25) 
Rules(34(19(23,21,25),((0,1))) 
33(19(24,24,24),((0,2),(1,2))) 
32(18(24,28,20),()) 
31(18(26,21,25),((0,2))) 
30(17(20,29,23),((0,2))) 
29(17(23,29,28),((1,2))) 
28(16(29,24,21),((0,2),(1,2))) 
27(16(27,23,25),((1,2))) 
26(15(21,25,27),()) 
25(15(20,29,27),((1,2))) 
24(14(26,21,29),((1,2))) 
23(14(27,22,26),((1,2))) 
22(13(24,28,21),((0,1),(0,2),(1,2))) 
21(13(26,26,29),()) 
20(12(22,20,28),((0,1))) 
19(12(28,24,21),((0,2))) 
18(11(23,20,28),((1,2))) 
17(11(22,25,27),((0,1),(0,2),(1,2))) 
16(10(26,29,27),()) 
5(1(12,16,18),((0,1))) 
4(1(10,19,16),((0,1))) 
3(-1(1),()) 
2(0(16,12,11),((0,2))) 
0(-1(0),()) 
1(0(13,16,15),((0,2))) 
6(-1(2),()) 
7(2(12,10,13),((0,1))) 
8(2(19,12,18),((0,2))) 
9(-1(3),()) 
10(3(13,16,12),()) 
11(3(11,19,17),((0,1),(0,2),(1,2))) 
12(-1(4),()) 
13(4(15,10,16),((0,1),(1,2))) 
14(4(16,13,10),((0,1))) 
15(10(25,25,27),((0,1),(0,2),(1,2))))
