court - uniforme 0.5-3 secondes 
long - uniforne 2-5 secondes 

20 - bleu court    25 - bleu long
21 - rouge court   26 - rouge long
22 - orange court  27 - orange long
23 - vert court    28 - vert long
24 - jaune court   29 - jaune long


0 : 24 29 26 21 29 26 20 29 27 
4 : 20 29 27 29 27 26 29 24 21 
1 : 26 25 21 28 22 20 27 23 25 
2 : 28 21 24 24 25 25 28 27 21 
2 : 24 28 24 28 21 26 21 27 29 
1 : 28 26 24 21 21 29 25 24 21 
2 : 24 28 24 21 24 24 28 20 24 
1 : 28 24 20 24 28 21 23 25 27 
4 : 21 27 25 25 25 27 24 29 21 
3 : 29 24 22 24 20 28 28 21 21 
2 : 22 28 24 24 20 24 26 25 21 
1 : 29 24 29 26 27 23 21 21 25 
3 : 22 25 27 24 24 24 20 29 23 
2 : 24 24 28 28 21 25 21 25 27 
0 : 24 28 21 24 29 21 29 20 27 
1 : 27 29 29 24 21 26 24 24 24 
4 : 21 25 27 25 25 27 27 23 25 
4 : 21 25 27 26 29 27 23 27 25 
0 : 28 22 20 24 29 21 23 20 28 
4 : 25 21 27 27 29 26 27 23 25 
4 : 27 25 21 29 26 27 27 23 25 
2 : 24 28 21 24 28 21 25 25 27 
1 : 28 21 24 29 24 26 25 21 21 
3 : 29 28 22 29 20 24 21 26 26 
0 : 26 29 24 26 29 21 29 20 27 
3 : 22 25 27 25 23 21 29 23 28 
3 : 20 28 23 25 23 21 29 28 23 
2 : 24 24 28 28 21 21 26 27 29 
1 : 24 24 28 28 21 23 27 20 25 
4 : 29 24 21 26 26 29 26 27 29 
3 : 22 24 20 28 28 27 23 21 25 
3 : 23 20 28 23 25 21 20 23 29 
3 : 22 25 27 23 25 21 20 29 23 
1 : 28 24 24 20 28 21 23 27 25 
4 : 25 27 21 25 25 27 29 24 21 
3 : 29 24 26 28 24 29 26 21 21 
4 : 29 24 25 25 27 21 26 29 26 
4 : 23 25 25 27 27 25 26 26 29 
1 : 20 24 28 24 21 28 24 29 21 
0 : 29 26 24 29 21 26 21 25 27 
1 : 22 20 24 20 28 28 27 23 25 
1 : 24 29 21 26 27 29 24 24 24 
1 : 25 23 25 27 23 27 21 25 25 
4 : 27 26 29 23 27 25 24 28 21 
1 : 26 29 24 29 27 21 24 24 24 
0 : 24 29 21 29 26 26 20 29 27 
2 : 25 24 23 21 24 28 20 28 21 
4 : 24 29 27 29 26 21 24 28 21 
4 : 29 27 20 27 29 26 29 24 21 
2 : 24 24 28 21 24 28 24 20 24 
4 : 25 25 23 27 27 25 24 28 21 
4 : 23 25 27 25 25 24 28 21 27 
4 : 27 21 25 25 25 27 23 27 25 
4 : 20 29 27 29 27 26 29 24 21 
2 : 23 25 21 22 20 28 21 26 25 
3 : 24 28 23 24 21 27 25 28 21 
4 : 29 29 24 21 27 24 26 28 21 
4 : 27 25 21 27 26 29 29 24 21 
2 : 24 28 28 21 24 27 29 21 26 
1 : 28 22 20 24 20 28 24 29 21 
2 : 28 21 24 25 23 21 26 25 21 
3 : 23 20 28 23 21 25 23 29 28 
1 : 28 28 20 24 24 21 24 29 21 
0 : 24 24 29 28 21 20 21 29 27 
3 : 22 25 27 25 23 21 20 23 29 
4 : 27 25 21 29 26 27 29 24 21 
2 : 24 28 24 21 28 21 29 27 26 
1 : 28 28 22 20 24 20 27 23 25 
4 : 27 25 21 25 25 27 23 27 25 
1 : 24 20 24 28 21 28 24 29 21 
0 : 23 26 25 27 26 29 21 25 27 
3 : 24 23 27 24 28 21 25 28 21 
3 : 24 26 29 24 28 21 21 26 29 
3 : 24 28 28 22 21 20 24 29 21 
2 : 28 21 24 23 25 21 20 28 24 
0 : 29 24 21 23 20 22 28 28 20 
3 : 22 25 27 24 24 24 29 23 28 
3 : 29 26 24 26 29 28 22 20 21 
0 : 27 23 22 28 20 25 23 20 28 
4 : 25 25 27 29 24 21 29 26 26 
4 : 25 25 24 27 29 21 29 26 26 
3 : 28 22 20 23 24 28 25 27 21 
1 : 29 26 29 27 24 24 21 24 24 
2 : 24 28 26 26 29 21 26 29 27 
0 : 24 23 27 25 28 21 20 29 27 
0 : 22 20 28 24 29 21 22 25 27 
3 : 28 24 26 23 29 25 26 27 21 
0 : 24 28 23 21 27 21 27 25 25 
1 : 25 25 27 25 23 21 29 24 21 
3 : 22 25 27 24 24 24 29 20 23 
0 : 28 29 22 24 21 22 25 27 20 
3 : 23 20 28 24 24 24 29 20 23 
2 : 24 24 28 21 24 24 21 26 25 
3 : 26 26 24 29 23 28 27 21 25 
0 : 24 29 22 20 28 21 22 25 27 
1 : 22 20 24 28 20 28 29 24 21 
0 : 24 24 28 29 21 21 25 21 27 
1 : 22 21 26 20 28 27 23 25 25 
1 : 27 24 29 26 29 24 21 24 24 
0 : 29 24 26 21 26 29 20 29 27 
0 : 24 28 21 24 21 25 27 29 21 
1 : 28 20 22 20 24 29 24 21 28 
4 : 24 26 29 29 27 21 26 26 29 
2 : 24 28 28 21 21 24 26 27 29 
0 : 28 27 23 21 25 22 24 25 27 
0 : 23 27 24 25 28 21 25 21 27 
3 : 22 25 27 23 25 21 20 29 23 
2 : 22 24 20 28 28 25 21 25 27 
4 : 29 26 29 27 24 21 26 26 29 
0 : 24 28 21 29 27 29 24 20 21 
2 : 28 25 23 22 21 21 20 26 25 
1 : 24 28 20 21 23 27 25 24 28 
2 : 28 25 22 23 21 26 20 21 25 
3 : 22 25 27 24 24 24 23 29 28 
2 : 26 28 22 20 29 26 29 27 26 
0 : 24 26 29 21 29 26 29 27 20 
0 : 24 29 28 24 21 21 25 21 27 
2 : 23 21 25 24 28 24 20 28 21 
4 : 27 21 25 25 25 27 27 23 25 
4 : 27 27 23 29 26 25 24 28 21 
1 : 24 26 25 21 28 21 27 23 25 
1 : 27 23 25 25 25 27 25 23 21 
4 : 27 23 25 25 25 29 26 26 27 
4 : 29 20 27 25 25 27 23 27 25 
0 : 27 28 22 20 23 25 22 25 27 
0 : 27 24 23 28 21 25 22 25 27 
4 : 20 29 27 26 27 29 29 24 21 
2 : 29 28 26 26 24 21 25 25 27 
2 : 24 24 22 24 21 20 28 26 25 
3 : 28 24 21 26 26 29 29 24 21 
2 : 28 24 24 24 22 26 21 20 25 
4 : 25 27 21 26 27 29 29 24 21 
1 : 22 20 28 23 25 21 27 26 25 
1 : 21 26 28 25 24 21 29 24 21 
2 : 24 24 24 26 22 25 20 28 21 
3 : 23 20 28 24 24 24 29 20 23 
4 : 27 25 21 27 26 29 29 24 21 
3 : 29 24 29 26 28 21 21 26 24 
2 : 24 28 23 25 21 26 25 21 21 
1 : 26 28 21 22 25 20 29 24 21 
4 : 25 21 27 25 25 27 23 27 25 
0 : 27 28 22 23 25 23 20 20 28 
2 : 24 24 28 21 28 25 25 27 21 
0 : 24 28 21 24 29 21 22 25 27 
3 : 22 25 27 24 24 24 29 20 23 
0 : 24 28 21 20 29 29 24 21 27 
0 : 28 21 23 24 25 27 23 20 28 
3 : 23 24 27 28 24 28 25 21 21 
1 : 25 27 25 27 23 23 21 25 25 
4 : 20 29 27 25 25 27 29 24 21 
2 : 24 24 28 21 28 21 25 25 27 
3 : 23 20 28 25 23 21 29 20 23 
0 : 24 23 27 28 21 25 27 25 21 
2 : 22 26 26 28 20 29 26 29 27 
0 : 24 29 24 21 28 21 22 25 27 
2 : 24 28 26 21 27 29 26 29 26 
1 : 23 26 29 27 25 27 23 25 21 
2 : 28 21 24 24 24 24 20 28 24 
4 : 20 29 27 26 29 27 27 23 25 
2 : 29 22 26 26 28 20 27 29 26 
3 : 20 23 28 25 23 21 20 23 29 
4 : 21 25 27 25 25 27 27 23 25 
0 : 24 24 29 21 28 21 20 29 27 
2 : 24 22 24 28 24 20 26 21 25 
0 : 28 24 29 21 20 24 23 28 21 
0 : 29 24 24 21 28 21 25 27 21 
0 : 27 23 22 20 25 22 28 25 27 
1 : 28 26 21 22 20 29 24 21 25 
1 : 25 29 24 25 21 27 24 24 24 
0 : 28 21 24 24 29 21 20 23 28 
1 : 27 25 25 27 23 25 24 24 24 
4 : 21 27 25 25 25 27 27 23 25 
0 : 24 28 24 29 21 21 20 29 27 
1 : 24 26 28 21 29 21 24 25 21 
4 : 25 25 27 24 29 21 26 29 26 
0 : 28 23 22 20 27 25 23 20 28 
3 : 23 20 28 23 25 21 23 29 28 
0 : 28 22 20 27 23 25 22 25 27 
2 : 28 26 29 26 24 21 25 25 27 
1 : 23 25 27 27 29 26 24 24 24 
0 : 22 20 27 28 23 25 23 20 28 
3 : 27 22 23 20 24 25 28 21 28 
0 : 24 29 26 29 21 26 20 29 27 
4 : 23 25 25 25 27 27 24 28 21 
4 : 23 27 25 29 26 27 26 26 29 
2 : 22 24 28 28 21 20 29 26 27 
2 : 22 20 28 23 25 21 21 26 25 
0 : 27 24 23 25 28 21 21 27 25 
0 : 22 29 24 21 28 20 22 25 27 
2 : 26 26 29 28 22 20 25 25 27 
4 : 25 23 27 25 26 25 27 26 29 
0 : 23 28 24 21 27 25 22 25 27 
0 : 29 22 24 21 20 22 28 25 27 
0 : 24 27 23 28 25 21 21 25 27 
3 : 20 28 23 25 23 21 29 23 28 
4 : 29 26 27 27 23 25 26 29 26 
2 : 24 24 22 24 26 25 21 20 28 
3 : 20 28 23 25 23 21 23 29 28 
0 : 26 29 29 26 24 29 21 20 27 
4 : 26 29 27 27 23 25 26 26 29 
